{
 "cells": [
  {
   "cell_type": "code",
   "execution_count": null,
   "metadata": {},
   "outputs": [],
   "source": []
  },
  {
   "cell_type": "markdown",
   "metadata": {},
   "source": [
    "## **CLASIFICATION**"
   ]
  },
  {
   "cell_type": "code",
   "execution_count": 4,
   "metadata": {},
   "outputs": [
    {
     "name": "stderr",
     "output_type": "stream",
     "text": [
      "Updating HTML index of packages in '.Library'\n",
      "Making 'packages.html' ... done\n"
     ]
    }
   ],
   "source": [
    "install.packages('VGAM')"
   ]
  },
  {
   "cell_type": "code",
   "execution_count": 5,
   "metadata": {},
   "outputs": [
    {
     "name": "stderr",
     "output_type": "stream",
     "text": [
      "Loading required package: stats4\n",
      "Loading required package: splines\n",
      "\n",
      "Attaching package: ‘VGAM’\n",
      "\n",
      "The following object is masked from ‘package:tidyr’:\n",
      "\n",
      "    fill\n",
      "\n",
      "Loading required package: lattice\n",
      "\n",
      "Attaching package: ‘caret’\n",
      "\n",
      "The following object is masked from ‘package:VGAM’:\n",
      "\n",
      "    predictors\n",
      "\n",
      "The following object is masked from ‘package:purrr’:\n",
      "\n",
      "    lift\n",
      "\n"
     ]
    }
   ],
   "source": [
    "library(tidyverse)\n",
    "library(VGAM)\n",
    "library(caret)"
   ]
  },
  {
   "cell_type": "code",
   "execution_count": 6,
   "metadata": {},
   "outputs": [],
   "source": [
    "# Loading data\n",
    "Airlines <- read.csv(\"data/AirlineDelay.csv\")"
   ]
  },
  {
   "cell_type": "code",
   "execution_count": 7,
   "metadata": {},
   "outputs": [
    {
     "data": {
      "text/html": [
       "<ol class=list-inline>\n",
       "\t<li>'Major Delay'</li>\n",
       "\t<li>'Minor Delay'</li>\n",
       "\t<li>'No Delay'</li>\n",
       "</ol>\n"
      ],
      "text/latex": [
       "\\begin{enumerate*}\n",
       "\\item 'Major Delay'\n",
       "\\item 'Minor Delay'\n",
       "\\item 'No Delay'\n",
       "\\end{enumerate*}\n"
      ],
      "text/markdown": [
       "1. 'Major Delay'\n",
       "2. 'Minor Delay'\n",
       "3. 'No Delay'\n",
       "\n",
       "\n"
      ],
      "text/plain": [
       "[1] \"Major Delay\" \"Minor Delay\" \"No Delay\"   "
      ]
     },
     "metadata": {},
     "output_type": "display_data"
    }
   ],
   "source": [
    "Airlines$DelayClass = factor(ifelse(Airlines$TotalDelay == 0, \"No Delay\", ifelse\n",
    "                                    (Airlines$TotalDelay >= 30, \"Major Delay\", \"Minor Delay\")))\n",
    "levels(Airlines$DelayClass)"
   ]
  },
  {
   "cell_type": "code",
   "execution_count": 8,
   "metadata": {},
   "outputs": [
    {
     "data": {
      "text/plain": [
       "\n",
       "Major Delay Minor Delay    No Delay \n",
       "       1278        2477        3751 "
      ]
     },
     "metadata": {},
     "output_type": "display_data"
    },
    {
     "data": {
      "text/plain": [
       "             \n",
       "              ATL-LAX ATL-ORD LAX-ATL LAX-ORD ORD-ATL ORD-LAX\n",
       "  Major Delay     144     174     101     294     189     376\n",
       "  Minor Delay     426     227     301     651     229     643\n",
       "  No Delay        601     468     758     830     455     639"
      ]
     },
     "metadata": {},
     "output_type": "display_data"
    },
    {
     "data": {
      "text/plain": [
       "\n",
       "Call:\n",
       "vglm(formula = DelayClass ~ HistoricallyLate, family = multinomial(refLevel = 1), \n",
       "    data = AirlinesTrain)\n",
       "\n",
       "\n",
       "Pearson residuals:\n",
       "                      Min      1Q  Median    3Q   Max\n",
       "log(mu[,2]/mu[,1]) -1.863 -0.3916 -0.3503 1.252 1.417\n",
       "log(mu[,3]/mu[,1]) -2.211 -0.6983 -0.1674 0.843 2.083\n",
       "\n",
       "Coefficients: \n",
       "                   Estimate Std. Error z value Pr(>|z|)    \n",
       "(Intercept):1       1.02751    0.05167  19.885   <2e-16 ***\n",
       "(Intercept):2       1.71738    0.04890  35.117   <2e-16 ***\n",
       "HistoricallyLate:1 -1.51486    0.15223  -9.951   <2e-16 ***\n",
       "HistoricallyLate:2 -3.10025    0.15550 -19.937   <2e-16 ***\n",
       "---\n",
       "Signif. codes:  0 ‘***’ 0.001 ‘**’ 0.01 ‘*’ 0.05 ‘.’ 0.1 ‘ ’ 1\n",
       "\n",
       "Number of linear predictors:  2 \n",
       "\n",
       "Names of linear predictors: log(mu[,2]/mu[,1]), log(mu[,3]/mu[,1])\n",
       "\n",
       "Residual deviance: 14791.28 on 15008 degrees of freedom\n",
       "\n",
       "Log-likelihood: -7395.642 on 15008 degrees of freedom\n",
       "\n",
       "Number of iterations: 4 \n",
       "\n",
       "No Hauck-Donner effect found in any of the estimates\n",
       "\n",
       "Reference group is level  1  of the response"
      ]
     },
     "metadata": {},
     "output_type": "display_data"
    },
    {
     "data": {
      "text/html": [
       "<table>\n",
       "<thead><tr><th></th><th scope=col>2.5 %</th><th scope=col>97.5 %</th></tr></thead>\n",
       "<tbody>\n",
       "\t<tr><th scope=row>(Intercept):1</th><td> 0.9262292</td><td> 1.128783 </td></tr>\n",
       "\t<tr><th scope=row>(Intercept):2</th><td> 1.6215254</td><td> 1.813226 </td></tr>\n",
       "\t<tr><th scope=row>HistoricallyLate:1</th><td>-1.8132118</td><td>-1.216500 </td></tr>\n",
       "\t<tr><th scope=row>HistoricallyLate:2</th><td>-3.4050312</td><td>-2.795473 </td></tr>\n",
       "</tbody>\n",
       "</table>\n"
      ],
      "text/latex": [
       "\\begin{tabular}{r|ll}\n",
       "  & 2.5 \\% & 97.5 \\%\\\\\n",
       "\\hline\n",
       "\t(Intercept):1 &  0.9262292 &  1.128783 \\\\\n",
       "\t(Intercept):2 &  1.6215254 &  1.813226 \\\\\n",
       "\tHistoricallyLate:1 & -1.8132118 & -1.216500 \\\\\n",
       "\tHistoricallyLate:2 & -3.4050312 & -2.795473 \\\\\n",
       "\\end{tabular}\n"
      ],
      "text/markdown": [
       "\n",
       "| <!--/--> | 2.5 % | 97.5 % | \n",
       "|---|---|---|---|\n",
       "| (Intercept):1 |  0.9262292 |  1.128783  | \n",
       "| (Intercept):2 |  1.6215254 |  1.813226  | \n",
       "| HistoricallyLate:1 | -1.8132118 | -1.216500  | \n",
       "| HistoricallyLate:2 | -3.4050312 | -2.795473  | \n",
       "\n",
       "\n"
      ],
      "text/plain": [
       "                   2.5 %      97.5 %   \n",
       "(Intercept):1       0.9262292  1.128783\n",
       "(Intercept):2       1.6215254  1.813226\n",
       "HistoricallyLate:1 -1.8132118 -1.216500\n",
       "HistoricallyLate:2 -3.4050312 -2.795473"
      ]
     },
     "metadata": {},
     "output_type": "display_data"
    },
    {
     "data": {
      "text/html": [
       "<dl class=dl-horizontal>\n",
       "\t<dt>(Intercept):1</dt>\n",
       "\t\t<dd>2.79408878082505</dd>\n",
       "\t<dt>(Intercept):2</dt>\n",
       "\t\t<dd>5.56989087435413</dd>\n",
       "\t<dt>HistoricallyLate:1</dt>\n",
       "\t\t<dd>0.219839824667226</dd>\n",
       "\t<dt>HistoricallyLate:2</dt>\n",
       "\t\t<dd>0.0450378588386221</dd>\n",
       "</dl>\n"
      ],
      "text/latex": [
       "\\begin{description*}\n",
       "\\item[(Intercept):1] 2.79408878082505\n",
       "\\item[(Intercept):2] 5.56989087435413\n",
       "\\item[HistoricallyLate:1] 0.219839824667226\n",
       "\\item[HistoricallyLate:2] 0.0450378588386221\n",
       "\\end{description*}\n"
      ],
      "text/markdown": [
       "(Intercept):1\n",
       ":   2.79408878082505(Intercept):2\n",
       ":   5.56989087435413HistoricallyLate:1\n",
       ":   0.219839824667226HistoricallyLate:2\n",
       ":   0.0450378588386221\n",
       "\n"
      ],
      "text/plain": [
       "     (Intercept):1      (Intercept):2 HistoricallyLate:1 HistoricallyLate:2 \n",
       "        2.79408878         5.56989087         0.21983982         0.04503786 "
      ]
     },
     "metadata": {},
     "output_type": "display_data"
    },
    {
     "data": {
      "text/html": [
       "<table>\n",
       "<thead><tr><th></th><th scope=col>Major Delay</th><th scope=col>Minor Delay</th><th scope=col>No Delay</th></tr></thead>\n",
       "<tbody>\n",
       "\t<tr><th scope=row>9</th><td>0.2142229</td><td>0.3612503</td><td>0.4245268</td></tr>\n",
       "\t<tr><th scope=row>14</th><td>0.2541405</td><td>0.3709879</td><td>0.3748716</td></tr>\n",
       "\t<tr><th scope=row>24</th><td>0.2489511</td><td>0.3700257</td><td>0.3810232</td></tr>\n",
       "\t<tr><th scope=row>30</th><td>0.2277680</td><td>0.3651786</td><td>0.4070533</td></tr>\n",
       "\t<tr><th scope=row>33</th><td>0.2265171</td><td>0.3648440</td><td>0.4086389</td></tr>\n",
       "\t<tr><th scope=row>39</th><td>0.2142229</td><td>0.3612503</td><td>0.4245268</td></tr>\n",
       "\t<tr><th scope=row>41</th><td>0.2077901</td><td>0.3591408</td><td>0.4330691</td></tr>\n",
       "\t<tr><th scope=row>48</th><td>0.1979741</td><td>0.3556009</td><td>0.4464250</td></tr>\n",
       "\t<tr><th scope=row>50</th><td>0.1935641</td><td>0.3538790</td><td>0.4525569</td></tr>\n",
       "\t<tr><th scope=row>58</th><td>0.1920149</td><td>0.3532540</td><td>0.4547311</td></tr>\n",
       "\t<tr><th scope=row>62</th><td>0.1854411</td><td>0.3504832</td><td>0.4640757</td></tr>\n",
       "\t<tr><th scope=row>64</th><td>0.1825105</td><td>0.3491843</td><td>0.4683052</td></tr>\n",
       "\t<tr><th scope=row>66</th><td>0.1797851</td><td>0.3479400</td><td>0.4722749</td></tr>\n",
       "\t<tr><th scope=row>68</th><td>0.1772443</td><td>0.3467481</td><td>0.4760075</td></tr>\n",
       "\t<tr><th scope=row>71</th><td>0.1067922</td><td>0.2983869</td><td>0.5948209</td></tr>\n",
       "\t<tr><th scope=row>79</th><td>0.1067922</td><td>0.2983869</td><td>0.5948209</td></tr>\n",
       "\t<tr><th scope=row>82</th><td>0.2863593</td><td>0.3751498</td><td>0.3384908</td></tr>\n",
       "\t<tr><th scope=row>83</th><td>0.2417784</td><td>0.3685532</td><td>0.3896684</td></tr>\n",
       "\t<tr><th scope=row>84</th><td>0.2863593</td><td>0.3751498</td><td>0.3384908</td></tr>\n",
       "\t<tr><th scope=row>88</th><td>0.2011618</td><td>0.3567941</td><td>0.4420441</td></tr>\n",
       "\t<tr><th scope=row>92</th><td>0.1698967</td><td>0.3431216</td><td>0.4869817</td></tr>\n",
       "\t<tr><th scope=row>94</th><td>0.1608298</td><td>0.3382609</td><td>0.5009093</td></tr>\n",
       "\t<tr><th scope=row>100</th><td>0.1589501</td><td>0.3371973</td><td>0.5038526</td></tr>\n",
       "\t<tr><th scope=row>111</th><td>0.1589501</td><td>0.3371973</td><td>0.5038526</td></tr>\n",
       "\t<tr><th scope=row>115</th><td>0.1525652</td><td>0.3334343</td><td>0.5140004</td></tr>\n",
       "\t<tr><th scope=row>116</th><td>0.1597397</td><td>0.3376464</td><td>0.5026138</td></tr>\n",
       "\t<tr><th scope=row>121</th><td>0.1527666</td><td>0.3335566</td><td>0.5136768</td></tr>\n",
       "\t<tr><th scope=row>122</th><td>0.1589501</td><td>0.3371973</td><td>0.5038526</td></tr>\n",
       "\t<tr><th scope=row>137</th><td>0.1549246</td><td>0.3348523</td><td>0.5102230</td></tr>\n",
       "\t<tr><th scope=row>153</th><td>0.1464724</td><td>0.3296181</td><td>0.5239095</td></tr>\n",
       "\t<tr><th scope=row>⋮</th><td>⋮</td><td>⋮</td><td>⋮</td></tr>\n",
       "\t<tr><th scope=row>9228</th><td>0.1067922</td><td>0.2983869</td><td>0.5948209</td></tr>\n",
       "\t<tr><th scope=row>9229</th><td>0.1067922</td><td>0.2983869</td><td>0.5948209</td></tr>\n",
       "\t<tr><th scope=row>9234</th><td>0.1067922</td><td>0.2983869</td><td>0.5948209</td></tr>\n",
       "\t<tr><th scope=row>9250</th><td>0.1249940</td><td>0.3142171</td><td>0.5607889</td></tr>\n",
       "\t<tr><th scope=row>9260</th><td>0.1067922</td><td>0.2983869</td><td>0.5948209</td></tr>\n",
       "\t<tr><th scope=row>9268</th><td>0.1309498</td><td>0.3188134</td><td>0.5502367</td></tr>\n",
       "\t<tr><th scope=row>9278</th><td>0.1067922</td><td>0.2983869</td><td>0.5948209</td></tr>\n",
       "\t<tr><th scope=row>9281</th><td>0.1825105</td><td>0.3491843</td><td>0.4683052</td></tr>\n",
       "\t<tr><th scope=row>9287</th><td>0.1650189</td><td>0.3405612</td><td>0.4944199</td></tr>\n",
       "\t<tr><th scope=row>9289</th><td>0.1540123</td><td>0.3343079</td><td>0.5116799</td></tr>\n",
       "\t<tr><th scope=row>9294</th><td>0.1387809</td><td>0.3244671</td><td>0.5367521</td></tr>\n",
       "\t<tr><th scope=row>9296</th><td>0.1512032</td><td>0.3326008</td><td>0.5161960</td></tr>\n",
       "\t<tr><th scope=row>9305</th><td>0.1825105</td><td>0.3491843</td><td>0.4683052</td></tr>\n",
       "\t<tr><th scope=row>9309</th><td>0.1940336</td><td>0.3540663</td><td>0.4519001</td></tr>\n",
       "\t<tr><th scope=row>9319</th><td>0.1726482</td><td>0.3445114</td><td>0.4828405</td></tr>\n",
       "\t<tr><th scope=row>9324</th><td>0.1464724</td><td>0.3296181</td><td>0.5239095</td></tr>\n",
       "\t<tr><th scope=row>9325</th><td>0.1435314</td><td>0.3276937</td><td>0.5287748</td></tr>\n",
       "\t<tr><th scope=row>9338</th><td>0.3672653</td><td>0.3737872</td><td>0.2589475</td></tr>\n",
       "\t<tr><th scope=row>9342</th><td>0.1067922</td><td>0.2983869</td><td>0.5948209</td></tr>\n",
       "\t<tr><th scope=row>9345</th><td>0.1067922</td><td>0.2983869</td><td>0.5948209</td></tr>\n",
       "\t<tr><th scope=row>9348</th><td>0.1650189</td><td>0.3405612</td><td>0.4944199</td></tr>\n",
       "\t<tr><th scope=row>9351</th><td>0.2312278</td><td>0.3660751</td><td>0.4026971</td></tr>\n",
       "\t<tr><th scope=row>9355</th><td>0.1067922</td><td>0.2983869</td><td>0.5948209</td></tr>\n",
       "\t<tr><th scope=row>9356</th><td>0.1825105</td><td>0.3491843</td><td>0.4683052</td></tr>\n",
       "\t<tr><th scope=row>9362</th><td>0.1067922</td><td>0.2983869</td><td>0.5948209</td></tr>\n",
       "\t<tr><th scope=row>9370</th><td>0.1067922</td><td>0.2983869</td><td>0.5948209</td></tr>\n",
       "\t<tr><th scope=row>9371</th><td>0.1825105</td><td>0.3491843</td><td>0.4683052</td></tr>\n",
       "\t<tr><th scope=row>9373</th><td>0.1540123</td><td>0.3343079</td><td>0.5116799</td></tr>\n",
       "\t<tr><th scope=row>9375</th><td>0.1409933</td><td>0.3259882</td><td>0.5330185</td></tr>\n",
       "\t<tr><th scope=row>9376</th><td>0.1368357</td><td>0.3231024</td><td>0.5400619</td></tr>\n",
       "</tbody>\n",
       "</table>\n"
      ],
      "text/latex": [
       "\\begin{tabular}{r|lll}\n",
       "  & Major Delay & Minor Delay & No Delay\\\\\n",
       "\\hline\n",
       "\t9 & 0.2142229 & 0.3612503 & 0.4245268\\\\\n",
       "\t14 & 0.2541405 & 0.3709879 & 0.3748716\\\\\n",
       "\t24 & 0.2489511 & 0.3700257 & 0.3810232\\\\\n",
       "\t30 & 0.2277680 & 0.3651786 & 0.4070533\\\\\n",
       "\t33 & 0.2265171 & 0.3648440 & 0.4086389\\\\\n",
       "\t39 & 0.2142229 & 0.3612503 & 0.4245268\\\\\n",
       "\t41 & 0.2077901 & 0.3591408 & 0.4330691\\\\\n",
       "\t48 & 0.1979741 & 0.3556009 & 0.4464250\\\\\n",
       "\t50 & 0.1935641 & 0.3538790 & 0.4525569\\\\\n",
       "\t58 & 0.1920149 & 0.3532540 & 0.4547311\\\\\n",
       "\t62 & 0.1854411 & 0.3504832 & 0.4640757\\\\\n",
       "\t64 & 0.1825105 & 0.3491843 & 0.4683052\\\\\n",
       "\t66 & 0.1797851 & 0.3479400 & 0.4722749\\\\\n",
       "\t68 & 0.1772443 & 0.3467481 & 0.4760075\\\\\n",
       "\t71 & 0.1067922 & 0.2983869 & 0.5948209\\\\\n",
       "\t79 & 0.1067922 & 0.2983869 & 0.5948209\\\\\n",
       "\t82 & 0.2863593 & 0.3751498 & 0.3384908\\\\\n",
       "\t83 & 0.2417784 & 0.3685532 & 0.3896684\\\\\n",
       "\t84 & 0.2863593 & 0.3751498 & 0.3384908\\\\\n",
       "\t88 & 0.2011618 & 0.3567941 & 0.4420441\\\\\n",
       "\t92 & 0.1698967 & 0.3431216 & 0.4869817\\\\\n",
       "\t94 & 0.1608298 & 0.3382609 & 0.5009093\\\\\n",
       "\t100 & 0.1589501 & 0.3371973 & 0.5038526\\\\\n",
       "\t111 & 0.1589501 & 0.3371973 & 0.5038526\\\\\n",
       "\t115 & 0.1525652 & 0.3334343 & 0.5140004\\\\\n",
       "\t116 & 0.1597397 & 0.3376464 & 0.5026138\\\\\n",
       "\t121 & 0.1527666 & 0.3335566 & 0.5136768\\\\\n",
       "\t122 & 0.1589501 & 0.3371973 & 0.5038526\\\\\n",
       "\t137 & 0.1549246 & 0.3348523 & 0.5102230\\\\\n",
       "\t153 & 0.1464724 & 0.3296181 & 0.5239095\\\\\n",
       "\t⋮ & ⋮ & ⋮ & ⋮\\\\\n",
       "\t9228 & 0.1067922 & 0.2983869 & 0.5948209\\\\\n",
       "\t9229 & 0.1067922 & 0.2983869 & 0.5948209\\\\\n",
       "\t9234 & 0.1067922 & 0.2983869 & 0.5948209\\\\\n",
       "\t9250 & 0.1249940 & 0.3142171 & 0.5607889\\\\\n",
       "\t9260 & 0.1067922 & 0.2983869 & 0.5948209\\\\\n",
       "\t9268 & 0.1309498 & 0.3188134 & 0.5502367\\\\\n",
       "\t9278 & 0.1067922 & 0.2983869 & 0.5948209\\\\\n",
       "\t9281 & 0.1825105 & 0.3491843 & 0.4683052\\\\\n",
       "\t9287 & 0.1650189 & 0.3405612 & 0.4944199\\\\\n",
       "\t9289 & 0.1540123 & 0.3343079 & 0.5116799\\\\\n",
       "\t9294 & 0.1387809 & 0.3244671 & 0.5367521\\\\\n",
       "\t9296 & 0.1512032 & 0.3326008 & 0.5161960\\\\\n",
       "\t9305 & 0.1825105 & 0.3491843 & 0.4683052\\\\\n",
       "\t9309 & 0.1940336 & 0.3540663 & 0.4519001\\\\\n",
       "\t9319 & 0.1726482 & 0.3445114 & 0.4828405\\\\\n",
       "\t9324 & 0.1464724 & 0.3296181 & 0.5239095\\\\\n",
       "\t9325 & 0.1435314 & 0.3276937 & 0.5287748\\\\\n",
       "\t9338 & 0.3672653 & 0.3737872 & 0.2589475\\\\\n",
       "\t9342 & 0.1067922 & 0.2983869 & 0.5948209\\\\\n",
       "\t9345 & 0.1067922 & 0.2983869 & 0.5948209\\\\\n",
       "\t9348 & 0.1650189 & 0.3405612 & 0.4944199\\\\\n",
       "\t9351 & 0.2312278 & 0.3660751 & 0.4026971\\\\\n",
       "\t9355 & 0.1067922 & 0.2983869 & 0.5948209\\\\\n",
       "\t9356 & 0.1825105 & 0.3491843 & 0.4683052\\\\\n",
       "\t9362 & 0.1067922 & 0.2983869 & 0.5948209\\\\\n",
       "\t9370 & 0.1067922 & 0.2983869 & 0.5948209\\\\\n",
       "\t9371 & 0.1825105 & 0.3491843 & 0.4683052\\\\\n",
       "\t9373 & 0.1540123 & 0.3343079 & 0.5116799\\\\\n",
       "\t9375 & 0.1409933 & 0.3259882 & 0.5330185\\\\\n",
       "\t9376 & 0.1368357 & 0.3231024 & 0.5400619\\\\\n",
       "\\end{tabular}\n"
      ],
      "text/markdown": [
       "\n",
       "| <!--/--> | Major Delay | Minor Delay | No Delay | \n",
       "|---|---|---|---|---|---|---|---|---|---|---|---|---|---|---|---|---|---|---|---|---|---|---|---|---|---|---|---|---|---|---|---|---|---|---|---|---|---|---|---|---|---|---|---|---|---|---|---|---|---|---|---|---|---|---|---|---|---|---|---|---|\n",
       "| 9 | 0.2142229 | 0.3612503 | 0.4245268 | \n",
       "| 14 | 0.2541405 | 0.3709879 | 0.3748716 | \n",
       "| 24 | 0.2489511 | 0.3700257 | 0.3810232 | \n",
       "| 30 | 0.2277680 | 0.3651786 | 0.4070533 | \n",
       "| 33 | 0.2265171 | 0.3648440 | 0.4086389 | \n",
       "| 39 | 0.2142229 | 0.3612503 | 0.4245268 | \n",
       "| 41 | 0.2077901 | 0.3591408 | 0.4330691 | \n",
       "| 48 | 0.1979741 | 0.3556009 | 0.4464250 | \n",
       "| 50 | 0.1935641 | 0.3538790 | 0.4525569 | \n",
       "| 58 | 0.1920149 | 0.3532540 | 0.4547311 | \n",
       "| 62 | 0.1854411 | 0.3504832 | 0.4640757 | \n",
       "| 64 | 0.1825105 | 0.3491843 | 0.4683052 | \n",
       "| 66 | 0.1797851 | 0.3479400 | 0.4722749 | \n",
       "| 68 | 0.1772443 | 0.3467481 | 0.4760075 | \n",
       "| 71 | 0.1067922 | 0.2983869 | 0.5948209 | \n",
       "| 79 | 0.1067922 | 0.2983869 | 0.5948209 | \n",
       "| 82 | 0.2863593 | 0.3751498 | 0.3384908 | \n",
       "| 83 | 0.2417784 | 0.3685532 | 0.3896684 | \n",
       "| 84 | 0.2863593 | 0.3751498 | 0.3384908 | \n",
       "| 88 | 0.2011618 | 0.3567941 | 0.4420441 | \n",
       "| 92 | 0.1698967 | 0.3431216 | 0.4869817 | \n",
       "| 94 | 0.1608298 | 0.3382609 | 0.5009093 | \n",
       "| 100 | 0.1589501 | 0.3371973 | 0.5038526 | \n",
       "| 111 | 0.1589501 | 0.3371973 | 0.5038526 | \n",
       "| 115 | 0.1525652 | 0.3334343 | 0.5140004 | \n",
       "| 116 | 0.1597397 | 0.3376464 | 0.5026138 | \n",
       "| 121 | 0.1527666 | 0.3335566 | 0.5136768 | \n",
       "| 122 | 0.1589501 | 0.3371973 | 0.5038526 | \n",
       "| 137 | 0.1549246 | 0.3348523 | 0.5102230 | \n",
       "| 153 | 0.1464724 | 0.3296181 | 0.5239095 | \n",
       "| ⋮ | ⋮ | ⋮ | ⋮ | \n",
       "| 9228 | 0.1067922 | 0.2983869 | 0.5948209 | \n",
       "| 9229 | 0.1067922 | 0.2983869 | 0.5948209 | \n",
       "| 9234 | 0.1067922 | 0.2983869 | 0.5948209 | \n",
       "| 9250 | 0.1249940 | 0.3142171 | 0.5607889 | \n",
       "| 9260 | 0.1067922 | 0.2983869 | 0.5948209 | \n",
       "| 9268 | 0.1309498 | 0.3188134 | 0.5502367 | \n",
       "| 9278 | 0.1067922 | 0.2983869 | 0.5948209 | \n",
       "| 9281 | 0.1825105 | 0.3491843 | 0.4683052 | \n",
       "| 9287 | 0.1650189 | 0.3405612 | 0.4944199 | \n",
       "| 9289 | 0.1540123 | 0.3343079 | 0.5116799 | \n",
       "| 9294 | 0.1387809 | 0.3244671 | 0.5367521 | \n",
       "| 9296 | 0.1512032 | 0.3326008 | 0.5161960 | \n",
       "| 9305 | 0.1825105 | 0.3491843 | 0.4683052 | \n",
       "| 9309 | 0.1940336 | 0.3540663 | 0.4519001 | \n",
       "| 9319 | 0.1726482 | 0.3445114 | 0.4828405 | \n",
       "| 9324 | 0.1464724 | 0.3296181 | 0.5239095 | \n",
       "| 9325 | 0.1435314 | 0.3276937 | 0.5287748 | \n",
       "| 9338 | 0.3672653 | 0.3737872 | 0.2589475 | \n",
       "| 9342 | 0.1067922 | 0.2983869 | 0.5948209 | \n",
       "| 9345 | 0.1067922 | 0.2983869 | 0.5948209 | \n",
       "| 9348 | 0.1650189 | 0.3405612 | 0.4944199 | \n",
       "| 9351 | 0.2312278 | 0.3660751 | 0.4026971 | \n",
       "| 9355 | 0.1067922 | 0.2983869 | 0.5948209 | \n",
       "| 9356 | 0.1825105 | 0.3491843 | 0.4683052 | \n",
       "| 9362 | 0.1067922 | 0.2983869 | 0.5948209 | \n",
       "| 9370 | 0.1067922 | 0.2983869 | 0.5948209 | \n",
       "| 9371 | 0.1825105 | 0.3491843 | 0.4683052 | \n",
       "| 9373 | 0.1540123 | 0.3343079 | 0.5116799 | \n",
       "| 9375 | 0.1409933 | 0.3259882 | 0.5330185 | \n",
       "| 9376 | 0.1368357 | 0.3231024 | 0.5400619 | \n",
       "\n",
       "\n"
      ],
      "text/plain": [
       "     Major Delay Minor Delay No Delay \n",
       "9    0.2142229   0.3612503   0.4245268\n",
       "14   0.2541405   0.3709879   0.3748716\n",
       "24   0.2489511   0.3700257   0.3810232\n",
       "30   0.2277680   0.3651786   0.4070533\n",
       "33   0.2265171   0.3648440   0.4086389\n",
       "39   0.2142229   0.3612503   0.4245268\n",
       "41   0.2077901   0.3591408   0.4330691\n",
       "48   0.1979741   0.3556009   0.4464250\n",
       "50   0.1935641   0.3538790   0.4525569\n",
       "58   0.1920149   0.3532540   0.4547311\n",
       "62   0.1854411   0.3504832   0.4640757\n",
       "64   0.1825105   0.3491843   0.4683052\n",
       "66   0.1797851   0.3479400   0.4722749\n",
       "68   0.1772443   0.3467481   0.4760075\n",
       "71   0.1067922   0.2983869   0.5948209\n",
       "79   0.1067922   0.2983869   0.5948209\n",
       "82   0.2863593   0.3751498   0.3384908\n",
       "83   0.2417784   0.3685532   0.3896684\n",
       "84   0.2863593   0.3751498   0.3384908\n",
       "88   0.2011618   0.3567941   0.4420441\n",
       "92   0.1698967   0.3431216   0.4869817\n",
       "94   0.1608298   0.3382609   0.5009093\n",
       "100  0.1589501   0.3371973   0.5038526\n",
       "111  0.1589501   0.3371973   0.5038526\n",
       "115  0.1525652   0.3334343   0.5140004\n",
       "116  0.1597397   0.3376464   0.5026138\n",
       "121  0.1527666   0.3335566   0.5136768\n",
       "122  0.1589501   0.3371973   0.5038526\n",
       "137  0.1549246   0.3348523   0.5102230\n",
       "153  0.1464724   0.3296181   0.5239095\n",
       "⋮    ⋮           ⋮           ⋮        \n",
       "9228 0.1067922   0.2983869   0.5948209\n",
       "9229 0.1067922   0.2983869   0.5948209\n",
       "9234 0.1067922   0.2983869   0.5948209\n",
       "9250 0.1249940   0.3142171   0.5607889\n",
       "9260 0.1067922   0.2983869   0.5948209\n",
       "9268 0.1309498   0.3188134   0.5502367\n",
       "9278 0.1067922   0.2983869   0.5948209\n",
       "9281 0.1825105   0.3491843   0.4683052\n",
       "9287 0.1650189   0.3405612   0.4944199\n",
       "9289 0.1540123   0.3343079   0.5116799\n",
       "9294 0.1387809   0.3244671   0.5367521\n",
       "9296 0.1512032   0.3326008   0.5161960\n",
       "9305 0.1825105   0.3491843   0.4683052\n",
       "9309 0.1940336   0.3540663   0.4519001\n",
       "9319 0.1726482   0.3445114   0.4828405\n",
       "9324 0.1464724   0.3296181   0.5239095\n",
       "9325 0.1435314   0.3276937   0.5287748\n",
       "9338 0.3672653   0.3737872   0.2589475\n",
       "9342 0.1067922   0.2983869   0.5948209\n",
       "9345 0.1067922   0.2983869   0.5948209\n",
       "9348 0.1650189   0.3405612   0.4944199\n",
       "9351 0.2312278   0.3660751   0.4026971\n",
       "9355 0.1067922   0.2983869   0.5948209\n",
       "9356 0.1825105   0.3491843   0.4683052\n",
       "9362 0.1067922   0.2983869   0.5948209\n",
       "9370 0.1067922   0.2983869   0.5948209\n",
       "9371 0.1825105   0.3491843   0.4683052\n",
       "9373 0.1540123   0.3343079   0.5116799\n",
       "9375 0.1409933   0.3259882   0.5330185\n",
       "9376 0.1368357   0.3231024   0.5400619"
      ]
     },
     "metadata": {},
     "output_type": "display_data"
    }
   ],
   "source": [
    "# Very important: remove TotalDelay variable!\n",
    "# Why?\n",
    "Airlines$TotalDelay = NULL\n",
    "\n",
    "# split between training and testing sets\n",
    "spl = createDataPartition(Airlines$DelayClass, p = 0.8, list = FALSE)  # 80% for training\n",
    "\n",
    "AirlinesTrain = Airlines[spl,]\n",
    "AirlinesTest = Airlines[-spl,]\n",
    "\n",
    "# How many flights in the trainining dataset Airlines had no delay, minor delay, major delay respectively?\n",
    "table(AirlinesTrain$DelayClass)\n",
    "\n",
    "# By route:\n",
    "table(AirlinesTrain$DelayClass, AirlinesTrain$Flight)\n",
    "\n",
    "# Logistic regression:\n",
    "\n",
    "log.fit = vglm(DelayClass ~ HistoricallyLate, family=multinomial(refLevel=1), data=AirlinesTrain)\n",
    "summary(log.fit)\n",
    "\n",
    "# interpretation:\n",
    "#  for every one unit change in HistoricallyLate, the log odds of MinorDelay (vs MajorDelay) decreases by -1.5\n",
    "#  for every one unit change in HistoricallyLate, the log odds of NoDelay (vs MajorDelay) decreases by -3\n",
    "\n",
    "confint(log.fit)\n",
    "\n",
    "# Odd ratios\n",
    "exp(coef(log.fit))\n",
    "# the expected increase in the odds of MinorDelay (vs MajorDelay) for each unit change in HistoricallyLate. \n",
    "# An odds ratio of 1 indicates no change, whereas an odds ratio of 2 indicates a doubling, and 0.5 indicates halving, etc.\n",
    "\n",
    "# predicting the testing set\n",
    "prob.test = predict(log.fit, newdata=AirlinesTest, type=\"response\")\n",
    "prob.test\n",
    "# output are probabilities, no labels\n"
   ]
  },
  {
   "cell_type": "code",
   "execution_count": 9,
   "metadata": {},
   "outputs": [
    {
     "data": {
      "text/html": [
       "<ol class=list-inline>\n",
       "\t<li>No Delay</li>\n",
       "\t<li>No Delay</li>\n",
       "\t<li>No Delay</li>\n",
       "\t<li>No Delay</li>\n",
       "\t<li>No Delay</li>\n",
       "\t<li>No Delay</li>\n",
       "\t<li>No Delay</li>\n",
       "\t<li>No Delay</li>\n",
       "\t<li>No Delay</li>\n",
       "\t<li>No Delay</li>\n",
       "\t<li>No Delay</li>\n",
       "\t<li>No Delay</li>\n",
       "\t<li>No Delay</li>\n",
       "\t<li>No Delay</li>\n",
       "\t<li>No Delay</li>\n",
       "\t<li>No Delay</li>\n",
       "\t<li>Minor Delay</li>\n",
       "\t<li>No Delay</li>\n",
       "\t<li>Minor Delay</li>\n",
       "\t<li>No Delay</li>\n",
       "\t<li>No Delay</li>\n",
       "\t<li>No Delay</li>\n",
       "\t<li>No Delay</li>\n",
       "\t<li>No Delay</li>\n",
       "\t<li>No Delay</li>\n",
       "\t<li>No Delay</li>\n",
       "\t<li>No Delay</li>\n",
       "\t<li>No Delay</li>\n",
       "\t<li>No Delay</li>\n",
       "\t<li>No Delay</li>\n",
       "\t<li>No Delay</li>\n",
       "\t<li>No Delay</li>\n",
       "\t<li>Minor Delay</li>\n",
       "\t<li>Minor Delay</li>\n",
       "\t<li>Minor Delay</li>\n",
       "\t<li>No Delay</li>\n",
       "\t<li>No Delay</li>\n",
       "\t<li>No Delay</li>\n",
       "\t<li>No Delay</li>\n",
       "\t<li>No Delay</li>\n",
       "\t<li>No Delay</li>\n",
       "\t<li>No Delay</li>\n",
       "\t<li>No Delay</li>\n",
       "\t<li>No Delay</li>\n",
       "\t<li>No Delay</li>\n",
       "\t<li>No Delay</li>\n",
       "\t<li>No Delay</li>\n",
       "\t<li>No Delay</li>\n",
       "\t<li>No Delay</li>\n",
       "\t<li>No Delay</li>\n",
       "\t<li>No Delay</li>\n",
       "\t<li>No Delay</li>\n",
       "\t<li>No Delay</li>\n",
       "\t<li>No Delay</li>\n",
       "\t<li>No Delay</li>\n",
       "\t<li>No Delay</li>\n",
       "\t<li>Major Delay</li>\n",
       "\t<li>Minor Delay</li>\n",
       "\t<li>No Delay</li>\n",
       "\t<li>No Delay</li>\n",
       "\t<li>No Delay</li>\n",
       "\t<li>No Delay</li>\n",
       "\t<li>No Delay</li>\n",
       "\t<li>Minor Delay</li>\n",
       "\t<li>No Delay</li>\n",
       "\t<li>No Delay</li>\n",
       "\t<li>No Delay</li>\n",
       "\t<li>No Delay</li>\n",
       "\t<li>No Delay</li>\n",
       "\t<li>No Delay</li>\n",
       "\t<li>No Delay</li>\n",
       "\t<li>No Delay</li>\n",
       "\t<li>No Delay</li>\n",
       "\t<li>No Delay</li>\n",
       "\t<li>Minor Delay</li>\n",
       "\t<li>No Delay</li>\n",
       "\t<li>No Delay</li>\n",
       "\t<li>Minor Delay</li>\n",
       "\t<li>Minor Delay</li>\n",
       "\t<li>Minor Delay</li>\n",
       "\t<li>Minor Delay</li>\n",
       "\t<li>Minor Delay</li>\n",
       "\t<li>Minor Delay</li>\n",
       "\t<li>Minor Delay</li>\n",
       "\t<li>Minor Delay</li>\n",
       "\t<li>Minor Delay</li>\n",
       "\t<li>Minor Delay</li>\n",
       "\t<li>Minor Delay</li>\n",
       "\t<li>Minor Delay</li>\n",
       "\t<li>Minor Delay</li>\n",
       "\t<li>Minor Delay</li>\n",
       "\t<li>No Delay</li>\n",
       "\t<li>No Delay</li>\n",
       "\t<li>Minor Delay</li>\n",
       "\t<li>No Delay</li>\n",
       "\t<li>Minor Delay</li>\n",
       "\t<li>No Delay</li>\n",
       "\t<li>No Delay</li>\n",
       "\t<li>No Delay</li>\n",
       "\t<li>No Delay</li>\n",
       "\t<li>No Delay</li>\n",
       "\t<li>No Delay</li>\n",
       "\t<li>No Delay</li>\n",
       "\t<li>No Delay</li>\n",
       "\t<li>No Delay</li>\n",
       "\t<li>No Delay</li>\n",
       "\t<li>No Delay</li>\n",
       "\t<li>Minor Delay</li>\n",
       "\t<li>Minor Delay</li>\n",
       "\t<li>No Delay</li>\n",
       "\t<li>Minor Delay</li>\n",
       "\t<li>No Delay</li>\n",
       "\t<li>No Delay</li>\n",
       "\t<li>No Delay</li>\n",
       "\t<li>No Delay</li>\n",
       "\t<li>No Delay</li>\n",
       "\t<li>No Delay</li>\n",
       "\t<li>No Delay</li>\n",
       "\t<li>No Delay</li>\n",
       "\t<li>No Delay</li>\n",
       "\t<li>No Delay</li>\n",
       "\t<li>Minor Delay</li>\n",
       "\t<li>Minor Delay</li>\n",
       "\t<li>Minor Delay</li>\n",
       "\t<li>No Delay</li>\n",
       "\t<li>Minor Delay</li>\n",
       "\t<li>Minor Delay</li>\n",
       "\t<li>Minor Delay</li>\n",
       "\t<li>Minor Delay</li>\n",
       "\t<li>Minor Delay</li>\n",
       "\t<li>Minor Delay</li>\n",
       "\t<li>Minor Delay</li>\n",
       "\t<li>Minor Delay</li>\n",
       "\t<li>Minor Delay</li>\n",
       "\t<li>Minor Delay</li>\n",
       "\t<li>Minor Delay</li>\n",
       "\t<li>Minor Delay</li>\n",
       "\t<li>Minor Delay</li>\n",
       "\t<li>Minor Delay</li>\n",
       "\t<li>No Delay</li>\n",
       "\t<li>No Delay</li>\n",
       "\t<li>No Delay</li>\n",
       "\t<li>No Delay</li>\n",
       "\t<li>No Delay</li>\n",
       "\t<li>No Delay</li>\n",
       "\t<li>No Delay</li>\n",
       "\t<li>No Delay</li>\n",
       "\t<li>No Delay</li>\n",
       "\t<li>Minor Delay</li>\n",
       "\t<li>No Delay</li>\n",
       "\t<li>No Delay</li>\n",
       "\t<li>Minor Delay</li>\n",
       "\t<li>Minor Delay</li>\n",
       "\t<li>No Delay</li>\n",
       "\t<li>No Delay</li>\n",
       "\t<li>No Delay</li>\n",
       "\t<li>No Delay</li>\n",
       "\t<li>No Delay</li>\n",
       "\t<li>No Delay</li>\n",
       "\t<li>No Delay</li>\n",
       "\t<li>No Delay</li>\n",
       "\t<li>No Delay</li>\n",
       "\t<li>No Delay</li>\n",
       "\t<li>No Delay</li>\n",
       "\t<li>No Delay</li>\n",
       "\t<li>No Delay</li>\n",
       "\t<li>No Delay</li>\n",
       "\t<li>No Delay</li>\n",
       "\t<li>No Delay</li>\n",
       "\t<li>No Delay</li>\n",
       "\t<li>No Delay</li>\n",
       "\t<li>No Delay</li>\n",
       "\t<li>No Delay</li>\n",
       "\t<li>No Delay</li>\n",
       "\t<li>No Delay</li>\n",
       "\t<li>No Delay</li>\n",
       "\t<li>No Delay</li>\n",
       "\t<li>No Delay</li>\n",
       "\t<li>No Delay</li>\n",
       "\t<li>No Delay</li>\n",
       "\t<li>No Delay</li>\n",
       "\t<li>No Delay</li>\n",
       "\t<li>No Delay</li>\n",
       "\t<li>No Delay</li>\n",
       "\t<li>Minor Delay</li>\n",
       "\t<li>No Delay</li>\n",
       "\t<li>No Delay</li>\n",
       "\t<li>No Delay</li>\n",
       "\t<li>Minor Delay</li>\n",
       "\t<li>Minor Delay</li>\n",
       "\t<li>No Delay</li>\n",
       "\t<li>No Delay</li>\n",
       "\t<li>Minor Delay</li>\n",
       "\t<li>Minor Delay</li>\n",
       "\t<li>Major Delay</li>\n",
       "\t<li>Minor Delay</li>\n",
       "\t<li>Minor Delay</li>\n",
       "\t<li>Minor Delay</li>\n",
       "\t<li>Minor Delay</li>\n",
       "\t<li>Minor Delay</li>\n",
       "\t<li>Minor Delay</li>\n",
       "\t<li>Minor Delay</li>\n",
       "\t<li>Minor Delay</li>\n",
       "\t<li>Minor Delay</li>\n",
       "\t<li>Minor Delay</li>\n",
       "\t<li>Minor Delay</li>\n",
       "\t<li>No Delay</li>\n",
       "\t<li>No Delay</li>\n",
       "\t<li>No Delay</li>\n",
       "\t<li>No Delay</li>\n",
       "\t<li>No Delay</li>\n",
       "\t<li>No Delay</li>\n",
       "\t<li>No Delay</li>\n",
       "\t<li>No Delay</li>\n",
       "\t<li>No Delay</li>\n",
       "\t<li>No Delay</li>\n",
       "\t<li>No Delay</li>\n",
       "\t<li>No Delay</li>\n",
       "\t<li>No Delay</li>\n",
       "\t<li>No Delay</li>\n",
       "\t<li>No Delay</li>\n",
       "\t<li>No Delay</li>\n",
       "\t<li>No Delay</li>\n",
       "\t<li>No Delay</li>\n",
       "\t<li>No Delay</li>\n",
       "\t<li>No Delay</li>\n",
       "\t<li>No Delay</li>\n",
       "\t<li>No Delay</li>\n",
       "\t<li>No Delay</li>\n",
       "\t<li>No Delay</li>\n",
       "\t<li>No Delay</li>\n",
       "\t<li>No Delay</li>\n",
       "\t<li>No Delay</li>\n",
       "\t<li>No Delay</li>\n",
       "\t<li>No Delay</li>\n",
       "\t<li>No Delay</li>\n",
       "\t<li>No Delay</li>\n",
       "\t<li>No Delay</li>\n",
       "\t<li>No Delay</li>\n",
       "\t<li>No Delay</li>\n",
       "\t<li>No Delay</li>\n",
       "\t<li>No Delay</li>\n",
       "\t<li>No Delay</li>\n",
       "\t<li>No Delay</li>\n",
       "\t<li>No Delay</li>\n",
       "\t<li>No Delay</li>\n",
       "\t<li>No Delay</li>\n",
       "\t<li>No Delay</li>\n",
       "\t<li>Minor Delay</li>\n",
       "\t<li>Minor Delay</li>\n",
       "\t<li>No Delay</li>\n",
       "\t<li>No Delay</li>\n",
       "\t<li>No Delay</li>\n",
       "\t<li>No Delay</li>\n",
       "\t<li>Major Delay</li>\n",
       "\t<li>No Delay</li>\n",
       "\t<li>No Delay</li>\n",
       "\t<li>No Delay</li>\n",
       "\t<li>No Delay</li>\n",
       "\t<li>No Delay</li>\n",
       "\t<li>No Delay</li>\n",
       "\t<li>No Delay</li>\n",
       "\t<li>No Delay</li>\n",
       "\t<li>No Delay</li>\n",
       "\t<li>No Delay</li>\n",
       "\t<li>No Delay</li>\n",
       "\t<li>No Delay</li>\n",
       "\t<li>No Delay</li>\n",
       "\t<li>No Delay</li>\n",
       "\t<li>Minor Delay</li>\n",
       "\t<li>Minor Delay</li>\n",
       "\t<li>Minor Delay</li>\n",
       "\t<li>No Delay</li>\n",
       "\t<li>No Delay</li>\n",
       "\t<li>No Delay</li>\n",
       "\t<li>No Delay</li>\n",
       "\t<li>No Delay</li>\n",
       "\t<li>No Delay</li>\n",
       "\t<li>No Delay</li>\n",
       "\t<li>No Delay</li>\n",
       "\t<li>No Delay</li>\n",
       "\t<li>No Delay</li>\n",
       "\t<li>No Delay</li>\n",
       "\t<li>No Delay</li>\n",
       "\t<li>No Delay</li>\n",
       "\t<li>No Delay</li>\n",
       "\t<li>No Delay</li>\n",
       "\t<li>No Delay</li>\n",
       "\t<li>No Delay</li>\n",
       "\t<li>No Delay</li>\n",
       "\t<li>No Delay</li>\n",
       "\t<li>No Delay</li>\n",
       "\t<li>No Delay</li>\n",
       "\t<li>No Delay</li>\n",
       "\t<li>Minor Delay</li>\n",
       "\t<li>No Delay</li>\n",
       "\t<li>No Delay</li>\n",
       "\t<li>No Delay</li>\n",
       "\t<li>No Delay</li>\n",
       "\t<li>No Delay</li>\n",
       "\t<li>No Delay</li>\n",
       "\t<li>No Delay</li>\n",
       "\t<li>No Delay</li>\n",
       "\t<li>No Delay</li>\n",
       "\t<li>No Delay</li>\n",
       "\t<li>No Delay</li>\n",
       "\t<li>No Delay</li>\n",
       "\t<li>No Delay</li>\n",
       "\t<li>No Delay</li>\n",
       "\t<li>No Delay</li>\n",
       "\t<li>No Delay</li>\n",
       "\t<li>No Delay</li>\n",
       "\t<li>No Delay</li>\n",
       "\t<li>No Delay</li>\n",
       "\t<li>No Delay</li>\n",
       "\t<li>No Delay</li>\n",
       "\t<li>No Delay</li>\n",
       "\t<li>No Delay</li>\n",
       "\t<li>No Delay</li>\n",
       "\t<li>No Delay</li>\n",
       "\t<li>No Delay</li>\n",
       "\t<li>No Delay</li>\n",
       "\t<li>No Delay</li>\n",
       "\t<li>No Delay</li>\n",
       "\t<li>No Delay</li>\n",
       "\t<li>No Delay</li>\n",
       "\t<li>No Delay</li>\n",
       "\t<li>No Delay</li>\n",
       "\t<li>No Delay</li>\n",
       "\t<li>No Delay</li>\n",
       "\t<li>No Delay</li>\n",
       "\t<li>No Delay</li>\n",
       "\t<li>No Delay</li>\n",
       "\t<li>Minor Delay</li>\n",
       "\t<li>No Delay</li>\n",
       "\t<li>No Delay</li>\n",
       "\t<li>No Delay</li>\n",
       "\t<li>No Delay</li>\n",
       "\t<li>Minor Delay</li>\n",
       "\t<li>No Delay</li>\n",
       "\t<li>No Delay</li>\n",
       "\t<li>No Delay</li>\n",
       "\t<li>No Delay</li>\n",
       "\t<li>No Delay</li>\n",
       "\t<li>No Delay</li>\n",
       "\t<li>No Delay</li>\n",
       "\t<li>No Delay</li>\n",
       "\t<li>No Delay</li>\n",
       "\t<li>No Delay</li>\n",
       "\t<li>Minor Delay</li>\n",
       "\t<li>No Delay</li>\n",
       "\t<li>Minor Delay</li>\n",
       "\t<li>No Delay</li>\n",
       "\t<li>No Delay</li>\n",
       "\t<li>No Delay</li>\n",
       "\t<li>No Delay</li>\n",
       "\t<li>No Delay</li>\n",
       "\t<li>No Delay</li>\n",
       "\t<li>No Delay</li>\n",
       "\t<li>No Delay</li>\n",
       "\t<li>No Delay</li>\n",
       "\t<li>No Delay</li>\n",
       "\t<li>Minor Delay</li>\n",
       "\t<li>Minor Delay</li>\n",
       "\t<li>Minor Delay</li>\n",
       "\t<li>No Delay</li>\n",
       "\t<li>No Delay</li>\n",
       "\t<li>No Delay</li>\n",
       "\t<li>No Delay</li>\n",
       "\t<li>Minor Delay</li>\n",
       "\t<li>Minor Delay</li>\n",
       "\t<li>No Delay</li>\n",
       "\t<li>No Delay</li>\n",
       "\t<li>No Delay</li>\n",
       "\t<li>No Delay</li>\n",
       "\t<li>No Delay</li>\n",
       "\t<li>No Delay</li>\n",
       "\t<li>No Delay</li>\n",
       "\t<li>No Delay</li>\n",
       "\t<li>No Delay</li>\n",
       "\t<li>No Delay</li>\n",
       "\t<li>No Delay</li>\n",
       "\t<li>No Delay</li>\n",
       "\t<li>No Delay</li>\n",
       "\t<li>No Delay</li>\n",
       "\t<li>No Delay</li>\n",
       "\t<li>No Delay</li>\n",
       "\t<li>No Delay</li>\n",
       "\t<li>No Delay</li>\n",
       "\t<li>No Delay</li>\n",
       "\t<li>No Delay</li>\n",
       "\t<li>No Delay</li>\n",
       "\t<li>No Delay</li>\n",
       "\t<li>No Delay</li>\n",
       "\t<li>No Delay</li>\n",
       "\t<li>No Delay</li>\n",
       "\t<li>No Delay</li>\n",
       "\t<li>No Delay</li>\n",
       "\t<li>No Delay</li>\n",
